 NumberFormat format = NumberFormat.getInstance(Locale.FRANCE);
    Number number = format.parse("1,234");
    double d = number.doubleValue();



0.9 0.0 			    0.12393000000000001  0.12793950000000004 0.27032632200000006 0.05872423050000001 0.13122171110880004 0.10098674653158005 
0.0 0.6480000000000001 	0.014580000000000003 0.14237370000000002 0.12683725200000004 0.21203433018000006 0.06574286549880001 0.11979954110365204 
0.0 0.08100000000000002 0.4738500000000001   0.0321489           0.14585103000000002 0.11992497606000002 0.17061807016800007 0.06910909994912401 
0.0 0.08100000000000002 0.11664000000000002  0.35363790000000006 0.04747539600000001 0.14075746326000002 0.11071425322440004 0.14057182241564406 


0.05 	0.024 				0.00864 	5.184E-4 
0.0 	5.000000000000001E-4 2.55E-4 9.405000000000001E-5 
0.0 	0.0 0.0 6.405E-4 
0.05 	0.0 0.0 1.8555000000000004E-4 