logprob: -1372.5302460908574
old logprob: -1377.7299625083747
logprob: -1362.6023219936578
old logprob: -1372.5302460908574
logprob: -1352.032844359145
old logprob: -1362.6023219936578
logprob: -1374.4527885325112
old logprob: -1352.032844359145
4 4 0.006290187285072288   0.9383390781266207   0.04627507876186292   0.009095655826444076   2.317088495913796E-4   0.01877953297355522   0.868246827553628   0.11274193062322549   3.55072482776193E-4   0.0018857756521231826   0.10162916760907348   0.8961299842560271   3.641443966939162E-4   0.005738498051603204   0.07677641311374758   0.9171209444379553   
4 4 0.7604983048042032   0.22260048697988077   0.007079867374884394   0.009821340841032257   0.14303006553825334   0.7968643581119838   0.05260603881013264   0.00749953753962875   0.1153656660495046   0.2620952589155821   0.5568809066547321   0.06565816838018146   0.3174377634628232   0.1436107717273749   0.16545979408222325   0.37349167072757866   
